rl:
  batch_size: 64
  episodes: 2000
  gamma: 0.9441601125039362
  lr: 2.426079536226318e-05
