rl:
  batch_size: 64
  episodes: 2000
  gamma: 0.9656806070085618
  lr: 0.0001337222376152041
